x=[1.499790837361182E8, 1.4999995121082252E8, 1.4997484822960594E8, 1.499037836899991E8, 1.497867815328979E8, 1.4962388072900096E8, 1.4941513526164013E8, 1.4916061410332695E8, 1.4886040118603247E8, 1.4851459536522326E8, 1.481233103776797E8, 1.4768667479312885E8, 1.4720483195972565E8, 1.4667793994342434E8, 1.461061714612827E8, 1.4548971380874813E8, 1.448287687809782E8, 1.4412355258825186E8, 1.433742957655324E8, 1.4258124307624623E8, 1.4174465341034636E8, 1.4086479967673224E8, 1.3994196869010243E8, 1.389764610523187E8, 1.3796859102836525E8, 1.3691868641698867E8, 1.3582708841610828E8, 1.3469415608651882E8, 1.3352024788627411E8, 1.3230574885100713E8, 1.3105105232784633E8, 1.2975656431510897E8, 1.2842270329838291E8, 1.2704990008208612E8, 1.2563859761661509E8, 1.2418925082119599E8, 1.2270232640255345E8, 1.2117830266951497E8, 1.1961766934366904E8, 1.180209273661987E8, 1.1638858870101212E8, 1.1472117613429348E8, 1.1301922307059973E8, 1.112832733256281E8, 1.0951388091578156E8, 1.0771160984465984E8, 1.05877033886604E8, 1.0401073636742318E8, 1.0211330994243324E8, 1.0018535637193605E8, 9.822748629426949E7, 9.624031899655753E7, 9.422448218328987E7, 9.218061174286081E7, 9.010935151219562E7, 8.801135303959352E7, 8.58872753459148E7, 8.373778468423943E7, 8.156355429812351E7, 7.936526417857923E7, 7.71436008199028E7, 7.489925697447339E7, 7.263293140664615E7, 7.034532864585915E7, 6.803715873907483E7, 6.5709137002673194E7, 6.3361983773913674E7, 6.0996424162080824E7, 5.8613187799426116E7, 5.621300859201845E7, 5.37966244706119E7, 5.136477714163911E7, 4.891821183843581E7, 4.6457677072799645E7, 4.398392438698611E7, 4.149770810623965E7, 3.8999785091958515E7, 3.6490914495587744E7, 3.397185751333335E7, 3.144337714178853E7, 2.8906237934559815E7, 2.6361205759979628E7, 2.3809047559988484E7, 2.1250531110268094E7, 1.8686424781704776E7, 1.6117497303258687E7, 1.354451752631395E7, 1.0968254190580687E7, 8389475.691618254, 5808949.850046882, 3227443.8060167274, 645723.1292363273, -1935446.402883528, -4515301.543354668, -7093084.724965495, -9668031.210738815, -1.2239385396155026E7, -1.480639214576942E7, -1.7368298890368152E7, -1.992435583772534E7, -2.247381618109414E7, -2.501593630539151E7, -2.754997599104119E7, -3.0075198615439538E7, -3.2590871352011956E7, -3.5096265366830066E7, -3.7590656012760006E7, -4.007332302111688E7, -4.2543550690799795E7, -4.500062807488531E7, -4.744384916465913E7, -4.9872513071066014E7, -5.2285924203561895E7, -5.468339244635226E7, -5.706423333200292E7, -5.942776821241178E7, -6.177332442713011E7, -6.410023546902543E7, -6.640784114727741E7, -6.869548774770172E7, -7.096252819039638E7, -7.320832218470776E7, -7.543223638151368E7, -7.763364452282384E7, -7.981192758869605E7, -8.19664739414719E7, -8.409667946733277E7, -8.620194771518067E7, -8.828169003284831E7, -9.033532570064385E7, -9.23622820622367E7, -9.436199465289171E7, -9.633390732505973E7, -9.827747237133381E7, -1.0019215064477932E8, -1.0207741167664962E8, -1.0393273379149668E8, -1.0575760421968909E8, -1.0755151920734817E8, -1.0931398412371553E8, -1.1104451356596364E8, -1.127426314614636E8, -1.1440787116752255E8, -1.1603977556860526E8, -1.1763789717105313E8, -1.1920179819531539E8, -1.2073105066570656E8, -1.2222523649770427E8, -1.2368394758280338E8, -1.2510678587093933E8, -1.2649336345049666E8, -1.2784330262591688E8, -1.2915623599292053E8, -1.3043180651135795E8, -1.3166966757570316E8, -1.328694830832053E8, -1.3403092749971181E8, -1.3515368592317718E8, -1.362374541448714E8, -1.3728193870830122E8, -1.3828685696585742E8, -1.392519371332016E8, -1.4017691834140447E8, -1.4106155068684813E8, -1.4190559527890432E8, -1.4270882428539982E8, -1.4347102097588053E8, -1.4419197976268443E8, -1.4487150623983377E8, -1.4550941721975628E8, -1.4610554076784444E8, -1.4665971623486152E8, -1.4717179428720292E8, -1.4764163693501985E8, -1.480691175582131E8, -1.4845412093030304E8, -1.4879654324018174E8, -1.4909629211175305E8, -1.4935328662146512E8, -1.4956745731373933E8, -1.497387462143001E8, -1.4986710684140715E8, -1.4995250421499422E8, -1.4999491486371458E8, -1.4999432682989517E8, -1.4995073967239994E8, -1.4986416446740168E8, -1.497346238070621E8, -1.4956215179611835E8, -1.4934679404637462E8, -1.4908860766909504E8, -1.4878766126529568E8, -1.4844403491393122E8, -1.4805782015797177E8, -1.476291199883649E8, -1.47158048825877E8, -1.4664473250080785E8, -1.4608930823057103E8, -1.4549192459513348E8, -1.4485274151030546E8, -1.441719301988725E8, -1.4344967315956077E8, -1.42686164133825E8, -1.4188160807045037E8, -1.4103622108795646E8, -1.401502304347927E8, -1.3922387444731358E8, -1.3825740250552186E8, -1.3725107498656708E8, -1.362051632159864E8, -1.3511994941667512E8, -1.3399572665557292E8, -1.328327987880518E8, -1.3163148039999186E8, -1.3039209674753046E8, -1.2911498369446962E8, -1.2780048764732738E8, -1.2644896548801725E8, -1.2506078450414084E8, -1.2363632231687851E8, -1.2217596680646174E8, -1.206801160352125E8, -1.191491781681329E8, -1.1758357139103074E8, -1.1598372382616417E8, -1.1435011668031697E8, -1.1268310749979483E8, -1.109832006981319E8, -1.0925086326576698E8, -1.0748657166897708E8, -1.0569081175027114E8, -1.0386407862620403E8, -1.0200687658259852E8, -1.0011971896716039E8, -9.82031280794742E7, -9.62576350583673E7, -9.42837797666282E7, -9.228211067307106E7, -9.025318473193088E7, -8.819756725958225E7, -8.611585844040908E7, -8.400856003894718E7, -8.187634158689749E7, -7.971977393066081E7, -7.7539462253727E7, -7.533601930531192E7, -7.311006525810133E7, -7.086222756326269E7, -6.859314080272168E7, -6.630344653869975E7, -6.399379316051736E7, -6.166483572865687E7, -5.9317235816094436E7, -5.695166134689917E7, -5.4568786432106614E7, -5.216929120287431E7, -4.975386164092304E7, -4.732318940627915E7, -4.4877971662323646E7, -4.2418910898163065E7, -3.9946714748337775E7, -3.746209580988089E7, -3.496577145674855E7, -3.2458463651640035E7, -2.9940898755228344E7, -2.7413807332828317E7, -2.487792395852368E7, -2.2333987016785264E7, -1.9782738501604818E7, -1.7224923813181803E7, -1.4661291552193683E7, -1.2092593311686104E7, -9519583.466624387, -6943018.961142941, -4363659.093538235, -1782265.2990512322, 800399.0695157625, 3383568.9632949494, 5966477.860909892, 8548357.994041152, 1.1128440574936857E7, 1.3705956025816731E7, 1.6280134210099762E7, 1.8850204665396105E7, 2.141539683819341E7, 2.3974940320166696E7, 2.6528065086044967E7, 2.9074001732951563E7, 3.1611981721149445E7, 3.414123761610647E7, 3.666100333179915E7, 3.917051437517452E7, 4.166900809167623E7, 4.4155723911752634E7, 4.662990359825107E7, 4.909079149460414E7, 5.153763477371577E7, 5.396968368744298E7, 5.6386191816577174E7, 5.8786416321220964E7, 6.116961819145291E7, 6.353506249817814E7, 6.588201864405076E7, 6.820976061436169E7, 7.051756722777542E7, 7.280472238680322E7, 7.507051532789758E7, 7.731424087104593E7, 7.953519966874929E7, 8.173274536014618E7, 8.39060502889696E7, 8.605457480878454E7, 8.817759846943146E7, 9.027445479049893E7, 9.234448459812962E7, 9.438703626622039E7, 9.640146595600644E7, 9.838713785389785E7, 1.0034342440744014E8, 1.0226970655926943E8, 1.0416537397892892E8, 1.0602982529242115E8, 1.0786246830935957E8, 1.0966272024759394E8, 1.114300079551766E8, 1.1316376812953918E8, 1.148634475337521E8, 1.1652850320973675E8, 1.1815840268830135E8, 1.1975262419587503E8, 1.2131072525032094E8, 1.2283207314421488E8, 1.2431624384023331E8, 1.2576276032008123E8, 1.271711572404726E8, 1.2854098111754853E8, 1.298717905071399E8, 1.3116315618075722E8, 1.3241466129719268E8, 1.3362590156962366E8, 1.3479648542810705E8, 1.359260341773563E8, 1.3701418214969814E8, 1.3806057685310435E8, 1.3906487911420143E8, 1.4002676321615982E8, 1.4094591703137052E8, 1.4182204214881855E8, 1.426548539960651E8, 1.434440819557566E8, 1.44189469476579E8, 1.4489077417858118E8, 1.4554776795279506E8, 1.4616023705508223E8, 1.4672798219414294E8, 1.4725081861362514E8, 1.4772857616827694E8, 1.4816109939408892E8, 1.4854824757237718E8, 1.488898947877626E8, 1.491859299800055E8, 1.4943625698965925E8, 1.4964079459751174E8, 1.4979947655778652E8, 